d0 = 0.15;
a1 = 0.4;
d2 = 0.3;
a3 = 0.24;